42
468
335
501
170
725
479
359
963
465
706
146
282
828
962
492
996
943
828
437
392
605
903
154
293
383
422
717
719
896
448
727
772
539
870
913
668
300
36
895
704
812
323
334
674
665
142
712
254
869
548
645
663
758
38
860
724
742
530
779
317
36
191
843
289
107
41
943
265
649
447
806
891
730
371
351
7
102
394
549
630
624
85
955
757
841
967
377
932
309
945
440
627
324
538
539
119
83
930
542
834
116
640
659
705
931
978
307
674
387
22
746
925
73
271
830
778
574
98
513
987
291
162
637
356
768
656
575
32
53
351
151
942
725
967
431
108
192
8
338
458
288
754
384
946
910
210
759
222
589
423
947
507
31
414
169
901
592
763
656
411
360
625
538
549
484
596
42
603
351
292
837
375
21
597
22
349
200
669
485
282
735
54
1000
419
939
901
789
128
468
729
894
649
484
808
422
311
618
814
515
845
620
861
262
700
685
869
667
270
628
673
303
471
942
204
974
527
757
736
234
202
489
894
349
828
943
949
734
271
326
750
254
603
202
637
597
548
815
231
338
286
444
430
964
718
774
593
430
676
621
978
914
485
660
599
573
557
644
788
787
665
598
748
721
457
739
943
797
799
765
383
447
244
744
872
675
505
769
795
935
873
950
472
360
767
428
546
935
272
274
367
992
297
427
718
977
517
634
931
970
213
655
279
751
622
931
397
995
509
608
488
726
327
295
547
671
838
679
954
665
645
333
701
234
438
917
659
992
693
260
830
250
339
825
750
972
754
341
962
537
992
488
208
411
600
632
987
997
728
700
282
782
694
887
535
934
415
557
555
482
922
794
707
502
417
